 m log_g n_obs baseline sigma_obs threshold TP TP_std dt_yrs
0 0.8 1.5 3.0 0.5 0.1 0.9997 0.26871496 0.017700627 0.5
1 0.8 1.5 3.0 0.5 0.5 0.9997 0.17850536 0.014831719 0.5
2 0.8 1.5 3.0 0.5 1.0 0.9997 0.1283577 0.010434885 0.5
3 0.8 1.5 3.0 1.0 0.1 0.9997 0.3053504 0.015274631 1.0
4 0.8 1.5 3.0 1.0 0.5 0.9997 0.21089028 0.012908891 1.0
5 0.8 1.5 3.0 1.0 1.0 0.9997 0.14481746 0.01033198 1.0
6 0.8 1.5 3.0 2.0 0.1 0.9997 0.3437904 0.013618344 2.0
7 0.8 1.5 3.0 2.0 0.5 0.9997 0.23281494 0.011618948 2.0
8 0.8 1.5 3.0 2.0 1.0 0.9997 0.16115259 0.011307238 2.0
9 0.8 1.5 3.0 3.0 0.1 0.9997 0.36713827 0.014517856 3.0
10 0.8 1.5 3.0 3.0 0.5 0.9997 0.23979144 0.014746999 3.0
11 0.8 1.5 3.0 3.0 1.0 0.9997 0.1626902 0.011369373 3.0
12 0.8 1.5 5.0 0.5 0.1 0.9997 0.2844428 0.00958135 0.5
13 0.8 1.5 5.0 0.5 0.5 0.9997 0.19863702 0.0080752075 0.5
14 0.8 1.5 5.0 0.5 1.0 0.9997 0.15302674 0.00897072 0.5
15 0.8 1.5 5.0 1.0 0.1 0.9997 0.32894 0.016945863 1.0
16 0.8 1.5 5.0 1.0 0.5 0.9997 0.23335128 0.008950335 1.0
17 0.8 1.5 5.0 1.0 1.0 0.9997 0.18167357 0.012250229 1.0
18 0.8 1.5 5.0 2.0 0.1 0.9997 0.37424916 0.019679472 2.0
19 0.8 1.5 5.0 2.0 0.5 0.9997 0.26728937 0.013383536 2.0
20 0.8 1.5 5.0 2.0 1.0 0.9997 0.20480417 0.011881465 2.0
21 0.8 1.5 5.0 3.0 0.1 0.9997 0.4031785 0.014739389 3.0
22 0.8 1.5 5.0 3.0 0.5 0.9997 0.2824133 0.013880849 3.0
23 0.8 1.5 5.0 3.0 1.0 0.9997 0.21284579 0.017283697 3.0
24 0.8 1.5 10.0 0.5 0.1 0.9997 0.30539674 0.014726139 0.5
25 0.8 1.5 10.0 0.5 0.5 0.9997 0.21923128 0.015091796 0.5
26 0.8 1.5 10.0 0.5 1.0 0.9997 0.18544261 0.00907822 0.5
27 0.8 1.5 10.0 1.0 0.1 0.9997 0.35880288 0.012147994 1.0
28 0.8 1.5 10.0 1.0 0.5 0.9997 0.2606204 0.008789365 1.0
29 0.8 1.5 10.0 1.0 1.0 0.9997 0.21835442 0.013905011 1.0
30 0.8 1.5 10.0 2.0 0.1 0.9997 0.4021742 0.010428333 2.0
31 0.8 1.5 10.0 2.0 0.5 0.9997 0.30467448 0.0124116475 2.0
32 0.8 1.5 10.0 2.0 1.0 0.9997 0.25841826 0.013098925 2.0
33 0.8 1.5 10.0 3.0 0.1 0.9997 0.43685886 0.00994294 3.0
34 0.8 1.5 10.0 3.0 0.5 0.9997 0.32755193 0.01768731 3.0
35 0.8 1.5 10.0 3.0 1.0 0.9997 0.2742328 0.018438255 3.0
36 0.8 1.5 20.0 0.5 0.1 0.9997 0.32541594 0.014508063 0.5
37 0.8 1.5 20.0 0.5 0.5 0.9997 0.24085322 0.016170632 0.5
38 0.8 1.5 20.0 0.5 1.0 0.9997 0.20640281 0.01604848 0.5
39 0.8 1.5 20.0 1.0 0.1 0.9997 0.3773236 0.015229702 1.0
40 0.8 1.5 20.0 1.0 0.5 0.9997 0.2801902 0.018842738 1.0
41 0.8 1.5 20.0 1.0 1.0 0.9997 0.24455221 0.017128738 1.0
42 0.8 1.5 20.0 2.0 0.1 0.9997 0.42741176 0.017403439 2.0
43 0.8 1.5 20.0 2.0 0.5 0.9997 0.32586125 0.019140318 2.0
44 0.8 1.5 20.0 2.0 1.0 0.9997 0.28983372 0.009579581 2.0
45 0.8 1.5 20.0 3.0 0.1 0.9997 0.46792993 0.014044699 3.0
46 0.8 1.5 20.0 3.0 0.5 0.9997 0.35956514 0.017426802 3.0
47 0.8 1.5 20.0 3.0 1.0 0.9997 0.3124294 0.012836585 3.0
48 0.8 1.5 30.0 0.5 0.1 0.9997 0.35127512 0.009900872 0.5
49 0.8 1.5 30.0 0.5 0.5 0.9997 0.2525552 0.014397238 0.5
50 0.8 1.5 30.0 0.5 1.0 0.9997 0.2159905 0.014148797 0.5
51 0.8 1.5 30.0 1.0 0.1 0.9997 0.39202282 0.016630355 1.0
52 0.8 1.5 30.0 1.0 0.5 0.9997 0.2881245 0.021346046 1.0
53 0.8 1.5 30.0 1.0 1.0 0.9997 0.25095046 0.018594842 1.0
54 0.8 1.5 30.0 2.0 0.1 0.9997 0.441375 0.016604912 2.0
55 0.8 1.5 30.0 2.0 0.5 0.9997 0.33201322 0.01701021 2.0
56 0.8 1.5 30.0 2.0 1.0 0.9997 0.29082498 0.01721722 2.0
57 0.8 1.5 30.0 3.0 0.1 0.9997 0.47263703 0.011091092 3.0
58 0.8 1.5 30.0 3.0 0.5 0.9997 0.3646981 0.011510407 3.0
59 0.8 1.5 30.0 3.0 1.0 0.9997 0.3179989 0.013719507 3.0
60 0.8 3.0 3.0 0.5 0.1 0.9997 0.29524693 0.013840493 0.5
61 0.8 3.0 3.0 0.5 0.5 0.9997 0.21402831 0.0126923835 0.5
62 0.8 3.0 3.0 0.5 1.0 0.9997 0.1651056 0.009582538 0.5
63 0.8 3.0 3.0 1.0 0.1 0.9997 0.33675146 0.012184824 1.0
64 0.8 3.0 3.0 1.0 0.5 0.9997 0.24046019 0.013907634 1.0
65 0.8 3.0 3.0 1.0 1.0 0.9997 0.17916232 0.011785792 1.0
66 0.8 3.0 3.0 2.0 0.1 0.9997 0.38096517 0.014624124 2.0
67 0.8 3.0 3.0 2.0 0.5 0.9997 0.266548 0.015743412 2.0
68 0.8 3.0 3.0 2.0 1.0 0.9997 0.19406503 0.014007201 2.0
69 0.8 3.0 3.0 3.0 0.1 0.9997 0.40951362 0.012894827 3.0
70 0.8 3.0 3.0 3.0 0.5 0.9997 0.2843983 0.011019542 3.0
71 0.8 3.0 3.0 3.0 1.0 0.9997 0.20380977 0.01029659 3.0
72 0.8 3.0 5.0 0.5 0.1 0.9997 0.32537413 0.013019842 0.5
73 0.8 3.0 5.0 0.5 0.5 0.9997 0.23891394 0.010692307 0.5
74 0.8 3.0 5.0 0.5 1.0 0.9997 0.19905621 0.011364787 0.5
75 0.8 3.0 5.0 1.0 0.1 0.9997 0.3674026 0.0105736945 1.0
76 0.8 3.0 5.0 1.0 0.5 0.9997 0.27048987 0.013293658 1.0
77 0.8 3.0 5.0 1.0 1.0 0.9997 0.22254594 0.014813645 1.0
78 0.8 3.0 5.0 2.0 0.1 0.9997 0.40412566 0.013940132 2.0
79 0.8 3.0 5.0 2.0 0.5 0.9997 0.30684856 0.016430655 2.0
80 0.8 3.0 5.0 2.0 1.0 0.9997 0.24491322 0.015822647 2.0
81 0.8 3.0 5.0 3.0 0.1 0.9997 0.43504483 0.012747877 3.0
82 0.8 3.0 5.0 3.0 0.5 0.9997 0.3210434 0.0147138685 3.0
83 0.8 3.0 5.0 3.0 1.0 0.9997 0.24879196 0.013736655 3.0
84 0.8 3.0 10.0 0.5 0.1 0.9997 0.3392261 0.017218119 0.5
85 0.8 3.0 10.0 0.5 0.5 0.9997 0.26080284 0.017072031 0.5
86 0.8 3.0 10.0 0.5 1.0 0.9997 0.22405775 0.018987868 0.5
87 0.8 3.0 10.0 1.0 0.1 0.9997 0.38787413 0.018384563 1.0
88 0.8 3.0 10.0 1.0 0.5 0.9997 0.29305723 0.01751644 1.0
89 0.8 3.0 10.0 1.0 1.0 0.9997 0.25113854 0.015485089 1.0
90 0.8 3.0 10.0 2.0 0.1 0.9997 0.43266106 0.015165424 2.0
91 0.8 3.0 10.0 2.0 0.5 0.9997 0.33577183 0.011728126 2.0
92 0.8 3.0 10.0 2.0 1.0 0.9997 0.28982338 0.012169093 2.0
93 0.8 3.0 10.0 3.0 0.1 0.9997 0.46277687 0.012081969 3.0
94 0.8 3.0 10.0 3.0 0.5 0.9997 0.3637508 0.008966521 3.0
95 0.8 3.0 10.0 3.0 1.0 0.9997 0.30113837 0.008130116 3.0
96 0.8 3.0 20.0 0.5 0.1 0.9997 0.3639044 0.008233444 0.5
97 0.8 3.0 20.0 0.5 0.5 0.9997 0.27779052 0.010540344 0.5
98 0.8 3.0 20.0 0.5 1.0 0.9997 0.2438424 0.0066834176 0.5
99 0.8 3.0 20.0 1.0 0.1 0.9997 0.41399536 0.013019775 1.0
100 0.8 3.0 20.0 1.0 0.5 0.9997 0.3217145 0.008064744 1.0
101 0.8 3.0 20.0 1.0 1.0 0.9997 0.2810181 0.010145559 1.0
102 0.8 3.0 20.0 2.0 0.1 0.9997 0.45692047 0.011892274 2.0
103 0.8 3.0 20.0 2.0 0.5 0.9997 0.36299646 0.010787592 2.0
104 0.8 3.0 20.0 2.0 1.0 0.9997 0.32054523 0.012140758 2.0
105 0.8 3.0 20.0 3.0 0.1 0.9997 0.48800465 0.010742973 3.0
106 0.8 3.0 20.0 3.0 0.5 0.9997 0.3865217 0.013565086 3.0
107 0.8 3.0 20.0 3.0 1.0 0.9997 0.3371571 0.012642088 3.0
108 0.8 3.0 30.0 0.5 0.1 0.9997 0.37141553 0.013505757 0.5
109 0.8 3.0 30.0 0.5 0.5 0.9997 0.28482902 0.009031206 0.5
110 0.8 3.0 30.0 0.5 1.0 0.9997 0.25111294 0.010295735 0.5
111 0.8 3.0 30.0 1.0 0.1 0.9997 0.41941887 0.015475658 1.0
112 0.8 3.0 30.0 1.0 0.5 0.9997 0.32503772 0.0062395623 1.0
113 0.8 3.0 30.0 1.0 1.0 0.9997 0.29386804 0.005035805 1.0
114 0.8 3.0 30.0 2.0 0.1 0.9997 0.47081843 0.013977841 2.0
115 0.8 3.0 30.0 2.0 0.5 0.9997 0.3658558 0.01536974 2.0
116 0.8 3.0 30.0 2.0 1.0 0.9997 0.32872847 0.013632428 2.0
117 0.8 3.0 30.0 3.0 0.1 0.9997 0.49609986 0.015926246 3.0
118 0.8 3.0 30.0 3.0 0.5 0.9997 0.39889878 0.013987156 3.0
119 0.8 3.0 30.0 3.0 1.0 0.9997 0.35539493 0.012861244 3.0
120 0.8 4.0 3.0 0.5 0.1 0.9997 0.31408018 0.013697839 0.5
121 0.8 4.0 3.0 0.5 0.5 0.9997 0.22594956 0.009899417 0.5
122 0.8 4.0 3.0 0.5 1.0 0.9997 0.16857749 0.011862951 0.5
123 0.8 4.0 3.0 1.0 0.1 0.9997 0.35126027 0.014579405 1.0
124 0.8 4.0 3.0 1.0 0.5 0.9997 0.25021893 0.015859261 1.0
125 0.8 4.0 3.0 1.0 1.0 0.9997 0.19230026 0.016502276 1.0
126 0.8 4.0 3.0 2.0 0.1 0.9997 0.3878741 0.021122374 2.0
127 0.8 4.0 3.0 2.0 0.5 0.9997 0.2760392 0.016487634 2.0
128 0.8 4.0 3.0 2.0 1.0 0.9997 0.20160246 0.01106396 2.0
129 0.8 4.0 3.0 3.0 0.1 0.9997 0.41251054 0.018996753 3.0
130 0.8 4.0 3.0 3.0 0.5 0.9997 0.28445303 0.011856606 3.0
131 0.8 4.0 3.0 3.0 1.0 0.9997 0.20357494 0.011781737 3.0
132 0.8 4.0 5.0 0.5 0.1 0.9997 0.33160597 0.018641453 0.5
133 0.8 4.0 5.0 0.5 0.5 0.9997 0.2485499 0.01502797 0.5
134 0.8 4.0 5.0 0.5 1.0 0.9997 0.20374945 0.013320937 0.5
135 0.8 4.0 5.0 1.0 0.1 0.9997 0.37166008 0.01097168 1.0
136 0.8 4.0 5.0 1.0 0.5 0.9997 0.28250867 0.009308737 1.0
137 0.8 4.0 5.0 1.0 1.0 0.9997 0.2292594 0.011959729 1.0
138 0.8 4.0 5.0 2.0 0.1 0.9997 0.40667233 0.008579801 2.0
139 0.8 4.0 5.0 2.0 0.5 0.9997 0.3064339 0.01306961 2.0
140 0.8 4.0 5.0 2.0 1.0 0.9997 0.25259605 0.013415776 2.0
141 0.8 4.0 5.0 3.0 0.1 0.9997 0.43673602 0.010022898 3.0
142 0.8 4.0 5.0 3.0 0.5 0.9997 0.32981485 0.009935708 3.0
143 0.8 4.0 5.0 3.0 1.0 0.9997 0.26496115 0.01090584 3.0
144 0.8 4.0 10.0 0.5 0.1 0.9997 0.34822634 0.010584282 0.5
145 0.8 4.0 10.0 0.5 0.5 0.9997 0.26954514 0.013222236 0.5
146 0.8 4.0 10.0 0.5 1.0 0.9997 0.23333728 0.014271943 0.5
147 0.8 4.0 10.0 1.0 0.1 0.9997 0.39931318 0.012772735 1.0
148 0.8 4.0 10.0 1.0 0.5 0.9997 0.30770737 0.010027155 1.0
149 0.8 4.0 10.0 1.0 1.0 0.9997 0.2703484 0.007879293 1.0
150 0.8 4.0 10.0 2.0 0.1 0.9997 0.44008183 0.015780965 2.0
151 0.8 4.0 10.0 2.0 0.5 0.9997 0.34717855 0.011562841 2.0
152 0.8 4.0 10.0 2.0 1.0 0.9997 0.30011585 0.010988058 2.0
153 0.8 4.0 10.0 3.0 0.1 0.9997 0.46424127 0.01623672 3.0
154 0.8 4.0 10.0 3.0 0.5 0.9997 0.36880633 0.0152498195 3.0
155 0.8 4.0 10.0 3.0 1.0 0.9997 0.311376 0.016684057 3.0
156 0.8 4.0 20.0 0.5 0.1 0.9997 0.3683606 0.0162979 0.5
157 0.8 4.0 20.0 0.5 0.5 0.9997 0.28238449 0.016130906 0.5
158 0.8 4.0 20.0 0.5 1.0 0.9997 0.25360063 0.018195102 0.5
159 0.8 4.0 20.0 1.0 0.1 0.9997 0.40901142 0.015293422 1.0
160 0.8 4.0 20.0 1.0 0.5 0.9997 0.3269437 0.020010535 1.0
161 0.8 4.0 20.0 1.0 1.0 0.9997 0.2916887 0.019647548 1.0
162 0.8 4.0 20.0 2.0 0.1 0.9997 0.46376935 0.016004935 2.0
163 0.8 4.0 20.0 2.0 0.5 0.9997 0.36696747 0.014079851 2.0
164 0.8 4.0 20.0 2.0 1.0 0.9997 0.3240274 0.020554513 2.0
165 0.8 4.0 20.0 3.0 0.1 0.9997 0.49142432 0.014652997 3.0
166 0.8 4.0 20.0 3.0 0.5 0.9997 0.3902211 0.013753552 3.0
167 0.8 4.0 20.0 3.0 1.0 0.9997 0.35141513 0.013648263 3.0
168 0.8 4.0 30.0 0.5 0.1 0.9997 0.38449213 0.014715667 0.5
169 0.8 4.0 30.0 0.5 0.5 0.9997 0.3000434 0.013220202 0.5
170 0.8 4.0 30.0 0.5 1.0 0.9997 0.26747814 0.010607162 0.5
171 0.8 4.0 30.0 1.0 0.1 0.9997 0.42986146 0.013906761 1.0
172 0.8 4.0 30.0 1.0 0.5 0.9997 0.33957526 0.013296466 1.0
173 0.8 4.0 30.0 1.0 1.0 0.9997 0.30466297 0.009934115 1.0
174 0.8 4.0 30.0 2.0 0.1 0.9997 0.478124 0.016569743 2.0
175 0.8 4.0 30.0 2.0 0.5 0.9997 0.3846819 0.01181386 2.0
176 0.8 4.0 30.0 2.0 1.0 0.9997 0.3483944 0.011257524 2.0
177 0.8 4.0 30.0 3.0 0.1 0.9997 0.51013684 0.015845185 3.0
178 0.8 4.0 30.0 3.0 0.5 0.9997 0.41106263 0.017093658 3.0
179 0.8 4.0 30.0 3.0 1.0 0.9997 0.36006317 0.019660521 3.0
